camera_matrix:
  rows: 3
  cols: 3
  data: [1974.0, 0.0, 963.6,
         0.0, 1971.8, 584.9,
         0.0, 0.0, 1.0]

extrinsic_matrix:
  rows: 3
  cols: 4
  data: [0.0026, -1.0, -0.0036, 0.0070,
         0.0108, 0.0036, -0.9999, -0.0679,
         0.9999, 0.0026, 0.0108, 0.1865]
